 40.84 4.85 22.20 13.54 4.03 20.78 15.00 17.52 14.59 13.23 29.78 0.10 14.83 6.03 21.01 11.99 18.24 30.68
 15.92 9.43 17.96 4.83 1.83 28.30 13.10 19.71 17.14 13.51 35.73 -0.11 14.16 7.85 26.58 12.89 16.04 23.12
 30.92 8.12 19.25 10.48 2.82 37.49 8.95 24.30 24.80 12.56 38.26 2.26 13.35 8.14 42.50 9.77 17.10 16.28
 8.48 9.35 22.68 7.28 2.50 23.40 7.37 7.96 12.76 13.97 31.44 2.65 11.58 4.50 35.92 9.68 17.63 20.48
 39.95 5.91 19.77 5.13 6.26 21.17 7.52 3.11 8.72 15.00 41.22 6.32 11.20 8.32 52.58 11.61 16.55 22.58
 23.49 6.55 26.02 4.23 13.16 39.53 8.24 5.72 6.17 11.17 45.30 12.06 3.43 9.33 54.85 13.26 17.73 16.07
 5.60 2.85 29.55 10.23 22.36 44.61 9.97 3.94 16.83 9.67 47.06 15.54 5.79 10.99 44.34 19.53 20.22 14.72
 10.00 0.12 24.19 18.13 29.96 43.37 15.36 3.68 14.35 10.69 40.37 11.72 17.08 15.00 39.15 18.23 19.94 21.20
 36.49 3.85 22.30 15.72 26.43 43.76 18.83 2.81 4.83 12.92 43.26 10.25 20.96 20.64 45.43 20.54 20.21 20.67
 10.20 1.76 19.92 19.58 16.68 41.66 14.52 4.52 8.13 20.10 39.24 16.48 9.82 22.07 60.24 19.78 22.03 18.78
 18.70 1.29 13.62 26.05 14.33 34.69 8.23 28.51 21.98 27.02 35.12 14.12 10.06 22.28 65.42 11.89 21.16 20.85
 11.79 10.06 13.02 21.58 11.59 34.81 8.68 30.61 0.55 36.79 19.20 7.07 12.53 29.40 70.54 9.39 19.66 27.42
 20.19 12.04 11.84 24.24 8.84 30.71 12.58 36.75 7.92 35.72 31.71 6.03 14.91 29.29 78.91 9.55 23.46 23.20
 11.54 18.80 3.60 22.18 9.04 25.03 14.66 54.25 26.77 31.08 28.08 7.16 16.86 25.07 82.21 10.88 25.93 24.94
 32.41 23.87 2.12 21.04 11.08 18.19 21.16 59.88 29.64 35.80 54.00 17.74 24.27 23.27 76.47 14.86 29.40 37.40
 17.72 30.94 5.94 20.83 15.56 28.04 27.44 70.71 19.28 35.91 51.95 16.88 24.97 20.87 56.41 20.11 24.45 43.18
 27.53 32.36 2.54 18.80 11.81 29.16 34.94 93.48 11.44 28.36 60.90 13.33 25.57 17.14 54.41 23.67 22.17 41.52
 33.31 38.88 1.52 25.54 10.57 59.83 48.27 96.67 21.21 29.05 89.72 19.25 21.79 19.78 57.51 29.04 22.71 53.65
 15.95 29.18 1.49 24.97 10.13 68.67 40.66 95.02 20.66 25.63 94.36 28.91 23.19 20.47 54.63 30.20 21.22 35.11
 17.63 19.37 2.87 24.07 9.45 83.56 17.54 101.79 13.24 27.19 56.28 26.86 18.83 18.93 59.94 21.32 21.17 28.91
 61.47 18.57 5.70 23.31 8.53 78.88 18.66 82.02 9.48 33.45 52.78 23.59 22.74 16.37 77.85 28.10 20.16 28.08
 27.73 17.88 6.26 29.73 17.50 65.01 16.98 40.34 13.12 30.39 61.99 20.89 19.40 18.55 86.16 34.22 19.02 26.57
 19.62 14.32 3.59 32.43 16.43 59.49 13.13 32.94 21.97 25.12 57.45 22.50 15.84 15.35 86.33 23.53 20.85 16.58
 16.46 19.59 4.14 34.23 15.73 57.46 16.60 35.57 9.55 30.12 40.46 15.66 12.32 24.72 87.22 21.67 20.56 16.20
 21.10 15.73 4.13 32.00 9.26 39.66 15.27 19.79 6.49 38.82 27.10 13.32 16.91 25.14 88.30 18.76 19.52 13.82
 56.85 15.20 2.72 35.01 8.80 26.27 11.67 17.68 13.20 43.14 35.64 19.16 20.32 26.81 89.64 16.44 22.36 9.73
 14.01 7.31 1.03 32.72 15.94 20.23 6.66 18.49 19.91 41.26 24.44 34.17 21.10 22.54 80.63 10.95 22.67 4.27
 17.77 6.56 -0.16 28.26 7.73 27.44 7.78 21.09 8.63 41.03 -0.35 29.63 15.30 23.05 64.28 9.54 20.31 8.10
 23.16 6.24 3.04 20.50 6.34 20.71 8.11 24.08 9.80 29.94 10.21 20.83 14.98 13.82 63.02 5.06 23.02 6.10
 6.99 8.62 2.18 9.86 8.12 22.19 6.65 35.98 13.37 19.51 20.04 18.02 10.29 8.27 68.90 2.32 23.75 3.57
 7.95 5.55 6.00 7.23 9.31 32.16 3.89 33.24 15.58 11.68 25.58 20.71 10.94 6.31 71.87 2.06 17.91 1.94
 6.51 4.86 7.10 3.14 11.03 37.56 4.26 30.26 8.22 12.47 25.23 17.26 8.22 4.43 69.31 3.03 2.42 0.38
 27.49 5.50 8.16 1.42 11.03 37.86 7.63 26.59 0.66 10.17 32.61 16.05 9.98 2.81 71.64 5.98 0.50 2.56
 19.71 7.64 8.34 2.02 11.02 19.10 6.29 18.35 7.19 9.99 48.34 16.54 5.35 3.28 74.07 7.73 7.11 3.60
 9.09 6.23 5.82 1.15 9.02 17.48 0.16 2.17 6.75 6.00 39.50 20.06 2.78 1.35 73.18 2.51 6.54 3.47
 13.97 9.44 6.97 -0.07 9.82 26.28 5.42 0.40 2.79 0.93 29.62 21.69 2.64 -0.48 76.35 3.97 18.34 6.92
 40.42 10.16 7.58 8.04 10.89 41.31 6.21 -0.04 11.75 -0.31 33.47 21.93 1.79 0.72 86.43 1.59 18.24 5.53
 41.14 13.89 9.95 6.57 8.30 42.08 3.39 0.14 42.42 0.48 49.20 24.05 -0.07 2.85 89.26 0.62 17.17 6.90
 49.24 19.24 15.35 4.55 8.83 41.61 5.26 1.42 46.57 8.35 48.88 27.47 0.21 6.80 74.97 3.91 16.29 5.01
 27.91 20.19 15.45 13.53 5.84 48.95 4.97 8.43 11.73 7.17 27.72 26.02 0.72 9.16 42.86 -0.32 16.95 5.25
 28.02 18.52 16.19 24.24 4.80 51.25 5.47 6.02 17.60 10.64 29.94 23.28 3.36 8.22 35.30 0.18 14.37 4.85
 44.01 19.18 13.03 29.51 0.10 55.25 5.46 7.49 30.64 14.88 23.62 24.24 4.24 7.69 16.80 3.79 10.41 6.66
 26.19 29.38 11.33 45.40 1.34 65.29 12.57 11.93 32.49 18.32 21.58 25.44 3.71 13.77 17.24 10.70 16.11 22.96
 28.33 29.19 5.21 45.72 5.23 70.68 12.64 13.23 18.30 20.61 17.59 22.51 2.44 19.11 25.11 9.95 20.62 27.02
 28.43 26.42 4.82 50.96 9.38 74.46 11.32 23.67 24.39 21.66 23.96 24.15 3.84 21.66 36.42 10.51 20.97 16.79
 5.21 26.86 2.79 35.06 11.99 72.68 12.21 29.84 38.60 18.75 35.17 26.56 4.45 22.96 36.02 15.06 19.64 12.82
 0.19 14.73 8.44 28.03 16.44 75.48 9.47 37.84 46.70 17.51 35.89 31.95 4.53 20.28 32.65 12.83 17.02 13.56
 10.78 18.52 16.51 26.55 15.85 80.42 12.06 48.82 37.68 27.26 26.03 32.02 3.91 23.58 28.47 26.08 13.91 17.32
 26.22 18.95 14.74 27.75 16.13 79.08 18.26 58.79 52.11 30.40 38.25 36.64 6.93 29.16 28.82 37.46 14.73 19.55
 36.47 25.60 19.62 21.08 15.51 76.04 20.01 56.56 57.32 26.82 54.04 44.47 10.11 30.84 26.75 40.70 12.97 17.94
 37.05 15.53 28.11 29.92 16.20 82.47 10.26 58.96 64.85 20.33 57.73 49.25 10.98 36.44 13.32 18.06 13.25 13.50
 27.57 14.75 23.87 29.48 15.99 92.37 6.74 60.27 46.93 18.57 54.26 41.44 12.78 28.35 14.92 7.73 13.07 12.71
 64.35 13.62 22.29 32.14 15.30 92.49 7.07 83.13 52.09 15.80 49.48 39.17 15.34 32.04 21.04 9.87 12.65 11.98
 38.36 15.18 24.96 27.18 8.02 80.63 7.81 83.67 77.26 18.18 50.42 40.91 16.80 29.85 24.04 17.51 18.01 11.25
 22.49 17.39 24.39 24.08 3.82 70.00 8.69 82.81 43.42 17.00 46.92 40.57 14.64 28.72 21.40 15.09 13.37 15.65
 29.37 19.03 22.39 23.16 4.17 62.92 9.08 84.10 53.37 18.09 39.50 37.68 14.92 35.92 21.36 11.13 19.08 17.99
 68.80 20.18 20.14 27.42 4.99 59.83 11.01 91.12 52.12 19.28 35.08 32.61 16.26 37.18 23.11 11.45 28.02 22.74
 66.32 22.49 20.01 28.82 7.79 61.82 13.28 87.87 44.96 20.06 44.76 31.30 17.76 44.08 23.70 11.92 27.99 30.05
 35.66 26.76 22.29 29.51 14.47 78.91 15.97 82.96 50.11 22.55 48.99 33.96 18.94 43.66 23.15 10.09 18.71 29.41
 42.37 44.00 24.49 29.29 17.98 73.98 31.73 68.90 61.18 28.24 40.60 32.91 18.47 45.14 13.28 16.58 10.42 32.93
 48.64 48.88 24.16 37.67 21.02 71.87 38.26 57.93 50.92 36.76 40.80 40.01 20.19 45.06 16.96 24.70 13.17 30.15
 56.16 55.72 22.64 45.38 21.98 72.91 31.76 60.03 57.81 51.61 49.96 47.63 19.51 43.06 17.33 26.88 14.99 34.83
 55.41 59.04 24.04 44.81 31.14 79.87 30.28 50.83 83.17 55.11 47.21 51.05 21.44 54.70 18.17 36.28 16.92 58.98
 49.46 71.67 24.33 45.53 48.08 84.77 39.54 57.11 68.33 67.58 31.46 47.03 25.81 78.78 23.06 52.56 12.12 77.38
 74.31 84.24 24.76 64.40 59.71 87.94 59.32 59.93 81.19 90.46 31.90 48.72 46.36 98.86 29.50 75.19 13.18 103.69
 85.33 96.30 26.16 76.87 57.44 103.09 75.13 55.30 103.82 90.95 52.63 56.18 103.21 103.44 30.84 79.11 17.73 80.71
 64.70 82.07 31.25 76.15 51.92 93.46 67.40 43.01 85.26 62.73 57.30 60.73 74.97 95.65 21.97 72.34 24.83 70.51
 75.55 34.78 20.70 53.71 37.39 63.27 36.47 23.61 52.92 25.08 33.59 59.45 52.64 57.36 18.19 36.98 13.56 35.26
 80.79 28.46 20.46 69.41 22.04 48.45 36.47 17.11 49.50 34.90 34.82 59.87 59.38 36.88 15.70 41.90 12.82 40.44
 77.79 34.97 24.61 68.53 16.71 58.89 39.39 18.42 55.72 52.32 34.94 59.22 49.91 43.14 14.13 56.51 20.64 45.40
 71.97 30.57 26.93 83.09 19.39 68.80 29.57 32.01 54.22 44.53 28.61 58.53 54.91 42.41 13.97 49.66 35.29 30.72
 71.24 43.73 27.54 101.84 24.47 67.69 36.60 37.92 80.06 48.65 32.39 52.50 53.65 46.84 2.92 46.32 58.22 28.43
 70.12 42.58 37.90 97.39 32.15 62.53 33.99 26.93 70.27 57.11 47.10 54.33 52.52 46.82 -1.10 41.81 54.79 25.48
 81.91 45.68 46.27 93.91 33.29 55.39 33.39 15.12 78.63 59.68 62.44 59.26 41.05 45.65 15.93 43.16 42.19 24.42
 87.35 54.10 44.18 89.09 35.06 61.39 43.47 14.51 87.88 66.47 63.55 62.56 43.73 55.33 21.77 50.48 69.26 46.80
 84.54 64.04 50.19 84.82 39.68 64.47 67.63 14.54 57.66 87.62 47.45 59.03 49.30 75.77 42.76 67.74 94.09 58.72
 93.12 71.95 62.40 98.81 53.13 63.39 83.36 13.27 50.17 101.68 59.73 56.51 46.27 87.77 43.55 77.82 101.05 76.53
 96.42 78.63 62.56 87.94 58.52 68.35 95.59 17.80 56.49 92.29 75.94 59.20 44.37 88.14 44.00 76.51 83.15 76.86
 88.90 79.16 58.03 85.82 63.39 64.69 90.83 13.59 72.47 82.63 78.51 60.82 53.39 82.00 38.30 75.49 101.43 69.07
 90.87 81.29 63.21 65.36 69.31 57.35 79.58 13.02 52.80 78.10 71.25 65.20 57.67 77.17 29.01 62.37 97.67 57.96
 101.04 81.71 66.16 58.29 67.06 37.04 80.76 6.08 45.02 86.19 66.06 65.77 50.29 76.23 23.83 68.17 78.88 55.77
 92.95 93.76 63.88 53.53 55.46 10.03 78.00 4.66 52.83 84.67 64.84 70.41 56.61 73.43 15.88 81.39 60.33 52.82
 89.67 101.26 58.52 63.20 49.77 -1.61 100.61 12.73 67.37 71.79 63.58 70.73 53.07 71.83 14.66 101.10 46.25 81.39
 90.73 103.32 65.91 64.82 62.23 0.18 99.75 25.94 56.26 56.83 61.78 76.09 55.49 72.91 22.02 88.41 26.43 84.36
 87.95 97.11 67.67 54.23 81.28 8.53 93.94 43.46 52.09 59.94 62.22 80.44 53.58 71.70 33.07 84.90 20.61 70.06
 83.92 91.02 59.93 57.22 102.26 15.85 86.34 38.16 75.76 56.60 71.18 85.03 49.97 64.53 47.29 84.84 11.75 65.81
 86.86 71.93 55.88 62.50 93.23 20.01 65.34 35.06 83.73 52.21 78.47 87.81 42.91 53.05 76.94 79.05 14.83 61.10
 86.62 51.19 61.23 76.57 92.70 29.71 50.36 32.23 52.87 60.44 65.31 86.24 37.52 56.04 89.61 72.08 19.04 62.49
 89.46 54.48 66.53 83.91 96.46 38.03 54.93 28.94 47.16 62.93 77.13 86.41 36.25 53.62 95.03 76.70 22.77 59.43
 85.97 54.65 67.44 88.36 87.25 48.71 54.50 27.70 51.80 59.41 101.83 91.92 30.29 50.30 101.72 84.52 34.68 67.19
 88.65 38.01 101.43 96.14 78.81 48.24 39.93 39.34 47.49 51.63 100.40 99.23 35.38 43.46 94.57 59.27 42.34 51.24
 83.82 30.79 102.39 85.25 71.85 44.01 38.65 41.07 42.37 46.09 73.76 99.63 32.21 40.12 64.23 46.57 35.80 47.78
 92.87 36.35 79.48 82.11 76.00 34.86 38.97 41.73 37.92 43.17 44.35 99.83 30.17 34.00 77.76 45.05 33.12 41.50
 94.12 34.73 72.27 88.89 77.04 24.91 37.48 46.16 29.79 41.39 52.91 102.50 27.80 36.20 80.60 43.78 33.42 39.40
 89.10 33.60 72.96 95.12 75.26 12.09 36.76 63.42 32.66 31.76 54.02 101.30 25.88 35.26 71.48 41.02 31.86 31.80
 89.18 32.74 57.67 99.27 61.88 7.19 37.42 42.03 42.56 33.79 39.47 100.65 25.40 39.14 18.18 37.22 37.89 27.24
 101.85 30.17 52.82 85.97 66.31 6.72 33.85 42.89 37.34 40.31 39.19 97.95 26.08 36.58 29.74 36.70 38.54 26.71
 95.94 39.54 58.50 89.61 67.53 11.84 37.95 36.70 46.96 45.91 52.53 96.60 30.35 38.06 24.40 50.75 41.46 25.21
 99.72 35.62 61.31 84.32 64.07 22.31 30.02 38.37 68.10 45.10 45.19 95.00 31.60 38.41 25.08 46.57 44.75 12.94
 91.66 34.35 57.68 64.01 58.60 32.81 29.47 38.04 78.49 47.70 26.11 94.84 25.00 45.49 37.10 45.32 53.25 10.62
